[-1  ][0   ][15  ][8   ][1   ][-1  ][-1  ][1   ]
[-1  ][1   ][-1  ][1   ][-4  ][-1  ][-4  ][-2  ]
[-1  ][-1  ][-3  ][-1  ][-5  ][0   ][-2  ][-1  ]
[0   ][-1  ][-19 ][-22 ][16  ][6   ][1   ][1   ]
[0   ][-7  ][3   ][2   ][4   ][0   ][-3  ][0   ]
[-3  ][1   ][15  ][17  ][-2  ][-3  ][-1  ][-3  ]
[-1  ][-2  ][1   ][-37 ][2   ][1   ][0   ][-1  ]
[-1  ][0   ][1   ][6   ][-4  ][-1  ][-1  ][-1  ]
[0   ][13  ][-13 ][13  ][-5  ][-1  ][0   ][-2  ]
[0   ][1   ][-9  ][5   ][-4  ][-3  ][0   ][-1  ]
[0   ][1   ][8   ][-13 ][0   ][0   ][0   ][0   ]
[0   ][-1  ][23  ][-12 ][3   ][0   ][-5  ][-1  ]
[-1  ][0   ][-23 ][8   ][0   ][2   ][-3  ][0   ]
[0   ][-7  ][60  ][15  ][-1  ][-1  ][-5  ][-1  ]
[-4  ][5   ][6   ][30  ][-4  ][-5  ][-7  ][-4  ]
[0   ][-7  ][-15 ][-17 ][1   ][-1  ][-3  ][1   ]
[-6  ][-17 ][-13 ][-10 ][1   ][-3  ][-3  ][-2  ]
[5   ][16  ][28  ][10  ][1   ][1   ][4   ][3   ]
[2   ][-3  ][-27 ][7   ][-1  ][-2  ][-1  ][-1  ]
[0   ][-3  ][-4  ][5   ][-2  ][0   ][-3  ][-1  ]
[-2  ][-3  ][-13 ][1   ][0   ][1   ][3   ][0   ]
[-1  ][1   ][3   ][-2  ][-3  ][0   ][2   ][0   ]
[1   ][3   ][-7  ][6   ][-1  ][0   ][1   ][-2  ]
[-3  ][8   ][16  ][-4  ][0   ][1   ][0   ][-1  ]
[-3  ][4   ][-3  ][-7  ][-9  ][-6  ][-5  ][-1  ]
[0   ][23  ][58  ][-14 ][0   ][0   ][2   ][0   ]
[-1  ][3   ][16  ][12  ][1   ][-2  ][0   ][-1  ]
[3   ][7   ][16  ][37  ][-5  ][-2  ][-1  ][1   ]
[-13 ][13  ][-73 ][-11 ][7   ][5   ][1   ][-5  ]
[31  ][24  ][32  ][-5  ][4   ][3   ][0   ][18  ]
[6   ][25  ][15  ][12  ][7   ][7   ][7   ][5   ]
[8   ][7   ][68  ][-73 ][2   ][3   ][0   ][4   ]
[-2  ][-32 ][127 ][-48 ][6   ][5   ][4   ][6   ]
[20  ][-4  ][29  ][-26 ][19  ][21  ][11  ][0   ]
[-13 ][-2  ][63  ][117 ][1   ][-4  ][-5  ][-5  ]
[-2  ][-8  ][104 ][127 ][-8  ][-13 ][-9  ][-3  ]
[-1  ][93  ][-70 ][-111][34  ][-3  ][-5  ][-5  ]
[30  ][-39 ][-35 ][-17 ][-47 ][16  ][13  ][15  ]
[10  ][35  ][-92 ][63  ][69  ][15  ][7   ][8   ]
[-9  ][60  ][127 ][28  ][-83 ][-15 ][-7  ][-7  ]
[-25 ][-25 ][-19 ][127 ][127 ][6   ][-3  ][0   ]
[-6  ][9   ][-49 ][44  ][-23 ][-1  ][2   ][0   ]
[-6  ][-49 ][2   ][41  ][-71 ][-24 ][-16 ][-13 ]
[3   ][71  ][21  ][-65 ][-39 ][-9  ][-2  ][2   ]
[11  ][25  ][-44 ][-128][-94 ][-18 ][-6  ][-3  ]
[6   ][15  ][5   ][-92 ][13  ][17  ][9   ][4   ]
[-3  ][83  ][0   ][-71 ][-49 ][0   ][6   ][9   ]
[13  ][-36 ][7   ][12  ][-44 ][8   ][1   ][4   ]
[39  ][12  ][1   ][-88 ][101 ][27  ][21  ][21  ]
[-14 ][2   ][3   ][-52 ][-87 ][0   ][-10 ][-10 ]
[-10 ][-8  ][-1  ][-51 ][-115][-31 ][-11 ][-12 ]
[-19 ][-85 ][0   ][78  ][-16 ][-30 ][-18 ][-12 ]
[11  ][4   ][2   ][-128][-128][14  ][10  ][10  ]
[11  ][-51 ][-1  ][35  ][93  ][19  ][7   ][8   ]
[-25 ][-119][-6  ][-55 ][-32 ][-9  ][-11 ][-7  ]
[-40 ][-128][1   ][-25 ][78  ][-10 ][-15 ][-23 ]
[-39 ][-46 ][4   ][-128][-11 ][-26 ][-14 ][-16 ]
[25  ][68  ][1   ][-128][-81 ][19  ][7   ][10  ]
[37  ][32  ][-6  ][54  ][-90 ][15  ][15  ][15  ]
[16  ][-30 ][-5  ][-119][1   ][8   ][3   ][-1  ]
[-11 ][-98 ][1   ][99  ][69  ][19  ][8   ][3   ]
[-28 ][-9  ][-6  ][-124][96  ][13  ][-6  ][-11 ]
[-12 ][43  ][5   ][52  ][-17 ][-19 ][-8  ][-6  ]
[-7  ][5   ][-11 ][16  ][-23 ][2   ][-6  ][-6  ]
[-12 ][-106][-51 ][19  ][-49 ][-17 ][-9  ][-8  ]
[17  ][-15 ][43  ][91  ][-47 ][13  ][12  ][10  ]
[7   ][25  ][-36 ][77  ][-45 ][-19 ][-5  ][-1  ]
[-16 ][-76 ][-4  ][-74 ][-79 ][-30 ][-19 ][-17 ]
[-16 ][-22 ][49  ][-14 ][-68 ][-3  ][-6  ][-8  ]
[-30 ][-34 ][84  ][-54 ][-57 ][-35 ][-18 ][-20 ]
[27  ][39  ][56  ][36  ][63  ][28  ][17  ][10  ]
[-43 ][-72 ][-41 ][-91 ][-52 ][-24 ][-20 ][-20 ]
[-8  ][46  ][-64 ][-51 ][-23 ][-8  ][-5  ][-5  ]
[-11 ][8   ][-41 ][-65 ][-103][-27 ][-8  ][-7  ]
[-7  ][41  ][6   ][127 ][7   ][-5  ][1   ][-2  ]
[10  ][-12 ][-78 ][-68 ][-23 ][-5  ][-1  ][0   ]
[6   ][-23 ][-6  ][21  ][51  ][12  ][4   ][4   ]
[-2  ][-19 ][-27 ][-34 ][-10 ][7   ][1   ][1   ]
[-8  ][-48 ][109 ][21  ][1   ][-3  ][-4  ][-4  ]
[-7  ][-4  ][-12 ][32  ][-6  ][-8  ][-6  ][-3  ]
[3   ][6   ][34  ][30  ][6   ][2   ][-2  ][-3  ]
[1   ][2   ][-27 ][-21 ][5   ][-1  ][1   ][1   ]
[1   ][4   ][10  ][18  ][0   ][5   ][-10 ][0   ]
[3   ][2   ][15  ][-1  ][7   ][1   ][9   ][2   ]
[-1  ][1   ][-7  ][-16 ][1   ][1   ][1   ][0   ]
[2   ][2   ][-24 ][-21 ][5   ][3   ][0   ][1   ]
[-2  ][0   ][10  ][0   ][-3  ][6   ][-1  ][1   ]
[5   ][-2  ][1   ][-5  ][-1  ][2   ][-15 ][5   ]
[-3  ][-2  ][-13 ][2   ][-4  ][1   ][-3  ][-5  ]
[-1  ][-2  ][17  ][-28 ][-1  ][2   ][0   ][0   ]
[1   ][-1  ][0   ][-2  ][1   ][-2  ][-16 ][0   ]
[1   ][2   ][11  ][13  ][-2  ][-3  ][-2  ][0   ]
[-2  ][-3  ][-32 ][-8  ][-2  ][0   ][10  ][-1  ]
[1   ][0   ][7   ][6   ][-1  ][5   ][8   ][1   ]
[-6  ][0   ][14  ][31  ][-2  ][3   ][18  ][-2  ]
[1   ][-4  ][-6  ][-2  ][-2  ][-3  ][7   ][6   ]
[7   ][2   ][-8  ][-8  ][1   ][16  ][-1  ][5   ]
[-5  ][-6  ][-28 ][-10 ][0   ][-10 ][-13 ][-7  ]
[2   ][0   ][18  ][8   ][-2  ][-5  ][-25 ][-9  ]
[3   ][0   ][38  ][7   ][0   ][-6  ][-1  ][-7  ]
[-11 ][-1  ][-8  ][-1  ][-1  ][5   ][-4  ][-21 ]
[-4  ][-17 ][-20 ][5   ][-1  ][-1  ][-39 ][19  ]
[8   ][15  ][29  ][4   ][-1  ][8   ][23  ][6   ]
[-4  ][-5  ][30  ][12  ][2   ][12  ][72  ][28  ]
[-13 ][0   ][11  ][1   ][0   ][-8  ][-38 ][-9  ]
[-8  ][64  ][-9  ][-16 ][-6  ][-3  ][-16 ][-1  ]
[-7  ][-18 ][22  ][-4  ][5   ][14  ][49  ][-2  ]
[-6  ][2   ][-84 ][-20 ][-4  ][24  ][58  ][14  ]
[27  ][8   ][63  ][9   ][1   ][-2  ][-14 ][-31 ]
[27  ][20  ][-34 ][-17 ][-5  ][0   ][75  ][25  ]
[21  ][7   ][62  ][5   ][6   ][39  ][127 ][22  ]
[-23 ][45  ][28  ][7   ][2   ][-5  ][-23 ][22  ]
[-39 ][3   ][-61 ][-17 ][-21 ][-48 ][-105][-38 ]
[18  ][-12 ][33  ][-6  ][11  ][52  ][1   ][-57 ]
[24  ][4   ][91  ][10  ][1   ][-19 ][-75 ][-57 ]
[-15 ][31  ][-40 ][-6  ][-2  ][34  ][25  ][-58 ]
[-9  ][21  ][33  ][-16 ][-4  ][9   ][33  ][10  ]
[-20 ][15  ][1   ][8   ][3   ][23  ][3   ][-3  ]
[-4  ][54  ][-77 ][9   ][-1  ][-20 ][-22 ][-33 ]
[7   ][-8  ][-39 ][-34 ][0   ][-2  ][-21 ][21  ]
[-15 ][14  ][82  ][-8  ][-8  ][-31 ][-47 ][-50 ]
[32  ][62  ][17  ][9   ][-2  ][-40 ][-54 ][-1  ]
[9   ][4   ][-62 ][-45 ][-6  ][45  ][101 ][-76 ]
[56  ][-28 ][29  ][-4  ][4   ][-13 ][-56 ][16  ]
[-1  ][6   ][-11 ][-5  ][-7  ][-53 ][-106][-25 ]
[20  ][42  ][-15 ][-2  ][-7  ][1   ][5   ][45  ]
[6   ][34  ][-8  ][-22 ][-1  ][-14 ][-65 ][53  ]
[-1  ][-2  ][-29 ][8   ][-6  ][-27 ][-76 ][-8  ]
[0   ][31  ][39  ][39  ][14  ][6   ][-34 ][-55 ]
[-11 ][-1  ][15  ][-30 ][0   ][0   ][10  ][-63 ]
[-38 ][9   ][-3  ][-7  ][7   ][-5  ][-11 ][26  ]
[-3  ][3   ][25  ][22  ][-5  ][-16 ][-5  ][-36 ]
[39  ][69  ][6   ][-7  ][1   ][35  ][49  ][13  ]
[0   ][38  ][49  ][57  ][2   ][-19 ][-75 ][18  ]
[23  ][16  ][43  ][29  ][5   ][-6  ][15  ][21  ]
[20  ][9   ][50  ][43  ][4   ][44  ][79  ][34  ]
[-3  ][59  ][-26 ][-21 ][-7  ][-16 ][39  ][-2  ]
[22  ][-44 ][-26 ][-1  ][-9  ][8   ][26  ][12  ]
[48  ][-9  ][17  ][-18 ][3   ][-10 ][-22 ][-30 ]
[-5  ][-9  ][-10 ][-10 ][-8  ][-2  ][16  ][-5  ]
[19  ][24  ][18  ][7   ][5   ][5   ][14  ][20  ]
[-29 ][1   ][60  ][2   ][-2  ][7   ][29  ][11  ]
[11  ][31  ][5   ][-8  ][0   ][-14 ][-35 ][-17 ]
[-11 ][-23 ][9   ][19  ][3   ][-4  ][-22 ][-30 ]
[27  ][15  ][-53 ][2   ][-5  ][-6  ][15  ][55  ]
[-10 ][-11 ][-14 ][5   ][-1  ][-7  ][-25 ][-12 ]
[10  ][1   ][47  ][1   ][0   ][-2  ][-1  ][0   ]
[0   ][5   ][-54 ][-16 ][-2  ][-3  ][-16 ][-9  ]
[16  ][32  ][3   ][-2  ][3   ][8   ][39  ][15  ]
[-17 ][21  ][18  ][24  ][4   ][-4  ][-81 ][-55 ]
[5   ][11  ][-2  ][-35 ][-5  ][-12 ][6   ][5   ]
[-4  ][0   ][-3  ][-21 ][-5  ][-6  ][-5  ][-2  ]
[3   ][2   ][5   ][5   ][2   ][-4  ][11  ][-2  ]
[0   ][0   ][-33 ][-2  ][14  ][6   ][4   ][-1  ]
[4   ][1   ][8   ][19  ][18  ][7   ][-5  ][1   ]
[-9  ][-1  ][12  ][-10 ][-10 ][-3  ][-6  ][-1  ]
[2   ][0   ][1   ][0   ][4   ][1   ][3   ][0   ]
[0   ][1   ][-3  ][19  ][-3  ][-4  ][-3  ][-1  ]
[-4  ][3   ][-15 ][26  ][-2  ][2   ][2   ][0   ]
[-1  ][4   ][20  ][43  ][1   ][-5  ][0   ][0   ]
[6   ][7   ][-8  ][5   ][16  ][5   ][4   ][1   ]
[-5  ][1   ][-1  ][-34 ][3   ][1   ][-3  ][-3  ]
[-5  ][-3  ][16  ][-9  ][-15 ][-4  ][-2  ][-4  ]
[33  ][11  ][-3  ][26  ][-9  ][-4  ][-2  ][3   ]
[-9  ][33  ][-6  ][26  ][-11 ][-4  ][3   ][12  ]
[55  ][17  ][-19 ][36  ][0   ][-1  ][4   ][8   ]
[-68 ][-68 ][-9  ][5   ][2   ][-4  ][-1  ][14  ]
[-43 ][7   ][-21 ][-8  ][-8  ][-2  ][7   ][2   ]
[2   ][-48 ][2   ][-28 ][18  ][-3  ][-6  ][1   ]
[2   ][-23 ][-32 ][19  ][0   ][-9  ][-56 ][-94 ]
[28  ][-43 ][31  ][-27 ][-26 ][14  ][62  ][95  ]
[-46 ][-89 ][-44 ][3   ][30  ][0   ][-31 ][-106]
[127 ][-3  ][19  ][-57 ][66  ][27  ][79  ][113 ]
[-108][-64 ][8   ][58  ][-15 ][-15 ][-9  ][88  ]
[-5  ][127 ][9   ][92  ][-110][4   ][50  ][49  ]
[-61 ][34  ][26  ][-30 ][-12 ][17  ][84  ][92  ]
[-64 ][-30 ][-83 ][-28 ][-25 ][-8  ][-33 ][-40 ]
[85  ][52  ][22  ][-52 ][97  ][-11 ][-70 ][-84 ]
[-59 ][-85 ][-43 ][30  ][-88 ][-15 ][17  ][-1  ]
[114 ][123 ][21  ][51  ][10  ][18  ][45  ][111 ]
[-3  ][-22 ][2   ][-8  ][70  ][27  ][91  ][109 ]
[-45 ][-93 ][24  ][-1  ][-67 ][-45 ][-126][-101]
[-103][-127][10  ][-69 ][48  ][-16 ][-84 ][-115]
[-69 ][12  ][16  ][20  ][-7  ][-17 ][-86 ][-107]
[67  ][-4  ][3   ][12  ][-8  ][20  ][13  ][-12 ]
[127 ][67  ][20  ][35  ][-25 ][-18 ][-42 ][84  ]
[-110][-73 ][-75 ][29  ][75  ][24  ][85  ][47  ]
[-16 ][-3  ][0   ][-128][43  ][7   ][9   ][30  ]
[-10 ][-82 ][-45 ][-6  ][42  ][-15 ][-38 ][-128]
[-66 ][-22 ][17  ][-39 ][78  ][-4  ][-56 ][-44 ]
[68  ][0   ][-3  ][10  ][12  ][-9  ][-19 ][-8  ]
[-27 ][-76 ][-7  ][1   ][-11 ][9   ][15  ][-59 ]
[24  ][-43 ][5   ][-30 ][-16 ][19  ][47  ][98  ]
[20  ][-43 ][-9  ][-8  ][49  ][-4  ][9   ][44  ]
[-66 ][-53 ][10  ][33  ][27  ][4   ][-23 ][3   ]
[-39 ][-18 ][-8  ][-86 ][24  ][-15 ][-31 ][-7  ]
[10  ][20  ][-14 ][31  ][-4  ][7   ][15  ][-5  ]
[-17 ][-6  ][19  ][-8  ][-6  ][-13 ][-24 ][-36 ]
[26  ][7   ][13  ][10  ][-2  ][28  ][20  ][-8  ]
[25  ][-21 ][127 ][103 ][-15 ][5   ][-12 ][-81 ]
[4   ][23  ][75  ][27  ][9   ][2   ][-18 ][6   ]
[-13 ][-12 ][-30 ][5   ][7   ][4   ][0   ][-6  ]
[2   ][-8  ][-42 ][14  ][-3  ][2   ][10  ][6   ]
[-7  ][-20 ][23  ][-24 ][-15 ][-8  ][-15 ][3   ]
[-42 ][-24 ][-13 ][-46 ][58  ][-35 ][-63 ][-39 ]
[59  ][35  ][84  ][33  ][-2  ][11  ][67  ][38  ]
[87  ][37  ][11  ][66  ][-2  ][-6  ][-25 ][14  ]
[-5  ][-51 ][-41 ][127 ][-14 ][-3  ][31  ][22  ]
[34  ][88  ][34  ][-32 ][-62 ][-1  ][-6  ][-4  ]
[2   ][-16 ][2   ][69  ][12  ][-8  ][-39 ][-16 ]
[-13 ][-30 ][-65 ][35  ][12  ][-6  ][1   ][25  ]
[-2  ][-42 ][15  ][-12 ][10  ][1   ][11  ][-1  ]
[5   ][7   ][-9  ][-7  ][3   ][2   ][16  ][8   ]
[1   ][3   ][7   ][12  ][3   ][2   ][8   ][4   ]
[-4  ][0   ][3   ][13  ][2   ][2   ][5   ][-2  ]
[-4  ][-1  ][26  ][23  ][-5  ][-1  ][-12 ][-9  ]
[4   ][1   ][12  ][-25 ][0   ][-2  ][-23 ][0   ]
[-3  ][-1  ][-5  ][14  ][1   ][-3  ][-3  ][-3  ]
[-3  ][-10 ][-17 ][-5  ][-4  ][-3  ][2   ][1   ]
[-8  ][4   ][33  ][-52 ][-4  ][1   ][-29 ][-11 ]
[-4  ][-2  ][-52 ][-26 ][-1  ][-3  ][6   ][-8  ]
[0   ][-8  ][-6  ][3   ][40  ][10  ][36  ][8   ]
[4   ][8   ][8   ][-10 ][-4  ][-2  ][-6  ][-8  ]
[26  ][19  ][72  ][1   ][16  ][6   ][-39 ][-2  ]
[-6  ][40  ][-19 ][-6  ][-24 ][7   ][31  ][40  ]
[-4  ][0   ][-8  ][84  ][45  ][-3  ][-34 ][-62 ]
[22  ][-15 ][40  ][74  ][-38 ][1   ][112 ][38  ]
[-7  ][-7  ][2   ][-19 ][-18 ][-8  ][-4  ][-1  ]
[7   ][3   ][16  ][4   ][3   ][-3  ][-14 ][2   ]
[-1  ][-5  ][-10 ][-4  ][-2  ][-1  ][-4  ][0   ]
[-1  ][-4  ][-22 ][6   ][-3  ][1   ][-3  ][2   ]
[-3  ][-2  ][25  ][-17 ][0   ][0   ][1   ][-3  ]
[0   ][1   ][3   ][5   ][0   ][1   ][-3  ][1   ]
[0   ][0   ][2   ][-3  ][-3  ][-2  ][1   ][-2  ]
[-2  ][-1  ][0   ][0   ][0   ][0   ][10  ][-1  ]
[-2  ][-1  ][-26 ][-21 ][-6  ][0   ][-2  ][-3  ]
[-2  ][-5  ][41  ][16  ][-6  ][-6  ][-16 ][2   ]
[-6  ][-3  ][1   ][14  ][-7  ][-4  ][-1  ][4   ]
[-3  ][-4  ][5   ][-8  ][-4  ][-4  ][-3  ][-3  ]
[0   ][0   ][8   ][1   ][3   ][3   ][-5  ][1   ]
[1   ][-1  ][-8  ][-7  ][2   ][1   ][8   ][1   ]
[0   ][7   ][-15 ][-4  ][2   ][0   ][11  ][1   ]
[-2  ][-1  ][1   ][0   ][-4  ][-1  ][1   ][-1  ]
[2   ][-9  ][0   ][21  ][-4  ][-4  ][-6  ][-2  ]
[-1  ][1   ][31  ][4   ][0   ][-4  ][-9  ][-1  ]
[-3  ][-6  ][-31 ][1   ][5   ][-2  ][2   ][1   ]
[-2  ][-17 ][-55 ][10  ][2   ][1   ][-2  ][0   ]
[-3  ][-22 ][22  ][9   ][-7  ][-5  ][1   ][-2  ]
[1   ][5   ][13  ][7   ][-5  ][-5  ][-17 ][-1  ]
[1   ][19  ][-15 ][0   ][5   ][-2  ][1   ][1   ]
[0   ][-2  ][11  ][-27 ][0   ][0   ][2   ][0   ]
[4   ][-1  ][2   ][0   ][-1  ][0   ][0   ][-1  ]
[-19 ][-9  ][-30 ][0   ][-3  ][-8  ][-5  ][-1  ]
[5   ][0   ][7   ][14  ][-7  ][-2  ][0   ][-1  ]
[0   ][-3  ][-7  ][20  ][-2  ][-1  ][0   ][-2  ]
[-11 ][-32 ][1   ][-8  ][0   ][0   ][-2  ][-4  ]
[1   ][7   ][2   ][-2  ][3   ][-2  ][-1  ][1   ]
[3   ][6   ][-3  ][-7  ][-5  ][1   ][0   ][0   ]
[-1  ][1   ][-6  ][3   ][-3  ][-7  ][1   ][-2  ]
[-1  ][0   ][3   ][-13 ][1   ][2   ][-3  ][-1  ]
[2   ][29  ][3   ][4   ][-1  ][-1  ][-2  ][0   ]
[6   ][-1  ][-1  ][-5  ][-2  ][-3  ][-2  ][1   ]
[0   ][8   ][-8  ][-24 ][-1  ][-2  ][1   ][-1  ]
[0   ][-1  ][2   ][2   ][1   ][0   ][-2  ][-4  ]
[0   ][0   ][3   ][-24 ][-5  ][2   ][-5  ][-1  ]
[-3  ][0   ][3   ][15  ][-7  ][1   ][6   ][-2  ]
[0   ][-4  ][-6  ][8   ][-2  ][1   ][1   ][0   ]
[1   ][-1  ][-8  ][10  ][6   ][-2  ][4   ][-1  ]
[-1  ][-1  ][-6  ][6   ][-2  ][-1  ][5   ][-1  ]
[-2  ][0   ][-5  ][-5  ][4   ][0   ][-1  ][-1  ]
[-1  ][-3  ][-9  ][-15 ][-6  ][-2  ][2   ][-2  ]
[-1  ][-2  ][15  ][-12 ][-2  ][2   ][13  ][1   ]
[5   ][32  ][11  ][15  ][2   ][1   ][-2  ][0   ]
[5   ][-13 ][24  ][2   ][-1  ][3   ][24  ][8   ]
[-2  ][12  ][-6  ][-31 ][1   ][-2  ][-8  ][13  ]
[-3  ][-2  ][-46 ][-7  ][-4  ][-2  ][-13 ][-30 ]
[11  ][-13 ][51  ][-11 ][-6  ][-11 ][1   ][-47 ]
[-11 ][29  ][-24 ][-8  ][-2  ][-5  ][-16 ][26  ]
[-35 ][-16 ][23  ][-43 ][-26 ][-16 ][-63 ][6   ]
[-15 ][-84 ][-33 ][-27 ][-6  ][-3  ][26  ][-3  ]
[-3  ][-73 ][-102][-10 ][-4  ][-14 ][-24 ][16  ]
[-16 ][7   ][127 ][-52 ][8   ][-3  ][-13 ][-38 ]
[-20 ][84  ][-44 ][-36 ][-7  ][1   ][0   ][-26 ]
[-3  ][22  ][-109][15  ][4   ][2   ][-13 ][10  ]
[11  ][83  ][-35 ][50  ][3   ][9   ][-17 ][-38 ]
[-22 ][-57 ][16  ][27  ][-7  ][-3  ][31  ][-52 ]
[17  ][29  ][-23 ][32  ][15  ][8   ][-28 ][9   ]
[-7  ][-13 ][75  ][2   ][-9  ][-7  ][16  ][-4  ]
[-3  ][9   ][-72 ][33  ][15  ][-1  ][-37 ][-16 ]
[14  ][18  ][34  ][-5  ][-3  ][2   ][1   ][-3  ]
[1   ][5   ][-14 ][12  ][-1  ][3   ][-3  ][-1  ]
[1   ][0   ][2   ][9   ][7   ][0   ][-4  ][-1  ]
[-1  ][-2  ][14  ][-2  ][-2  ][-4  ][-15 ][-3  ]
[3   ][3   ][-56 ][3   ][-4  ][-2  ][5   ][-1  ]
[3   ][-2  ][-23 ][-21 ][4   ][-1  ][-3  ][2   ]
[-1  ][-5  ][-17 ][-8  ][-7  ][-7  ][-14 ][4   ]
[1   ][2   ][19  ][-39 ][1   ][4   ][8   ][5   ]
[-10 ][-3  ][2   ][38  ][2   ][6   ][27  ][39  ]
[2   ][28  ][16  ][-21 ][7   ][-25 ][-59 ][-7  ]
[-3  ][-23 ][4   ][-69 ][19  ][0   ][-17 ][-23 ]
[5   ][-25 ][-30 ][-46 ][29  ][9   ][65  ][-4  ]
[-20 ][3   ][44  ][-15 ][-1  ][8   ][39  ][-37 ]
[-1  ][32  ][13  ][0   ][-5  ][2   ][6   ][-10 ]
[-17 ][15  ][3   ][-1  ][-3  ][-4  ][13  ][-8  ]
[-2  ][-13 ][-23 ][-1  ][-7  ][-3  ][-4  ][0   ]
[-9  ][-6  ][-17 ][-6  ][-4  ][-3  ][-15 ][-3  ]
[0   ][10  ][-8  ][-16 ][-1  ][4   ][6   ][5   ]
[-2  ][6   ][-6  ][8   ][-1  ][-1  ][3   ][-3  ]
[1   ][5   ][0   ][-12 ][1   ][-2  ][0   ][3   ]
[-1  ][1   ][-49 ][7   ][-1  ][-5  ][-2  ][1   ]
[1   ][-13 ][1   ][8   ][-6  ][-2  ][-6  ][-1  ]
[1   ][9   ][15  ][0   ][-2  ][0   ][3   ][1   ]
[-2  ][7   ][6   ][3   ][-1  ][-4  ][-5  ][1   ]
[3   ][7   ][29  ][24  ][2   ][5   ][20  ][22  ]
[2   ][-16 ][15  ][-1  ][0   ][-1  ][-4  ][-3  ]
[17  ][6   ][-38 ][6   ][-2  ][-1  ][10  ][-1  ]
[17  ][-15 ][43  ][11  ][-3  ][-8  ][3   ][12  ]
[-11 ][-11 ][28  ][23  ][3   ][8   ][31  ][-6  ]
[-9  ][-21 ][-50 ][-5  ][4   ][2   ][-6  ][-13 ]
[-6  ][25  ][0   ][-3  ][0   ][-1  ][-16 ][-42 ]
[-9  ][-33 ][-17 ][0   ][0   ][-9  ][-20 ][4   ]
[23  ][-9  ][91  ][-5  ][-3  ][-11 ][-13 ][14  ]
[13  ][-7  ][-29 ][0   ][2   ][-5  ][-18 ][-2  ]
[-4  ][-3  ][-28 ][-14 ][-1  ][4   ][-26 ][11  ]
[8   ][7   ][-23 ][-14 ][6   ][3   ][9   ][-6  ]
[-4  ][-16 ][-5  ][19  ][-2  ][5   ][5   ][-45 ]
[-9  ][-19 ][-40 ][-62 ][-10 ][-9  ][-20 ][24  ]
[3   ][5   ][-25 ][49  ][-2  ][0   ][-16 ][21  ]
[-8  ][-67 ][-29 ][-31 ][-6  ][-4  ][2   ][-10 ]
[-8  ][-37 ][65  ][5   ][2   ][2   ][1   ][-1  ]
[4   ][65  ][-72 ][8   ][10  ][13  ][27  ][23  ]
[5   ][49  ][18  ][21  ][20  ][-2  ][-19 ][-25 ]
[19  ][50  ][-84 ][-16 ][-7  ][0   ][-6  ][-10 ]
[26  ][32  ][83  ][5   ][-8  ][-7  ][-14 ][19  ]
[40  ][60  ][-49 ][25  ][3   ][8   ][-5  ][-33 ]
[-3  ][-61 ][15  ][-39 ][-12 ][-3  ][15  ][-33 ]
[-23 ][-36 ][73  ][-15 ][-7  ][-4  ][8   ][-21 ]
[13  ][-12 ][-15 ][5   ][6   ][-10 ][-35 ][-8  ]
[10  ][-34 ][62  ][24  ][-3  ][9   ][4   ][-13 ]
[-20 ][-3  ][25  ][28  ][3   ][11  ][92  ][27  ]
[8   ][-19 ][-37 ][-17 ][-3  ][1   ][-8  ][-12 ]
[-2  ][72  ][70  ][-16 ][-8  ][0   ][1   ][-34 ]
[-15 ][-18 ][81  ][42  ][-1  ][-1  ][-23 ][-1  ]
[3   ][-14 ][28  ][25  ][-1  ][-6  ][-18 ][-28 ]
[-3  ][25  ][-118][-2  ][-10 ][-3  ][7   ][6   ]
[11  ][-56 ][-20 ][-36 ][7   ][3   ][2   ][12  ]
[-34 ][3   ][-48 ][4   ][-2  ][-7  ][-34 ][23  ]
[-42 ][45  ][-60 ][3   ][6   ][3   ][-25 ][-3  ]
[-24 ][67  ][-90 ][-40 ][-31 ][-5  ][19  ][19  ]
[30  ][-50 ][-4  ][-32 ][-1  ][-6  ][-13 ][-33 ]
[22  ][12  ][-60 ][-52 ][-8  ][-7  ][-5  ][12  ]
[-14 ][4   ][-38 ][-42 ][-6  ][-10 ][-42 ][-1  ]
[-24 ][-18 ][8   ][4   ][-3  ][2   ][-4  ][-16 ]
[37  ][39  ][-35 ][3   ][-13 ][-3  ][-36 ][-6  ]
[0   ][23  ][-7  ][-12 ][7   ][12  ][116 ][16  ]
[-8  ][62  ][-2  ][74  ][12  ][6   ][-3  ][-4  ]
[-7  ][6   ][76  ][-41 ][3   ][2   ][27  ][61  ]
[7   ][-33 ][17  ][-59 ][17  ][5   ][-6  ][-22 ]
[22  ][-29 ][-31 ][66  ][-4  ][5   ][58  ][77  ]
[-63 ][67  ][10  ][-72 ][0   ][10  ][46  ][36  ]
[10  ][50  ][5   ][49  ][12  ][1   ][-14 ][-10 ]
[6   ][-45 ][-18 ][23  ][-28 ][-4  ][65  ][45  ]
[0   ][-12 ][-101][17  ][0   ][-3  ][7   ][7   ]
[1   ][-1  ][38  ][-3  ][-4  ][-2  ][0   ][-2  ]
[3   ][0   ][-114][-6  ][-3  ][2   ][4   ][0   ]
[1   ][0   ][67  ][2   ][-3  ][-6  ][-3  ][0   ]
[0   ][-3  ][-6  ][6   ][-1  ][0   ][-4  ][-2  ]
[1   ][2   ][-12 ][-8  ][-3  ][1   ][-2  ][-3  ]
[6   ][-1  ][-7  ][-15 ][-4  ][-3  ][-1  ][0   ]
[1   ][0   ][1   ][-5  ][0   ][-2  ][-11 ][-2  ]
[-1  ][0   ][1   ][1   ][0   ][-2  ][-1  ][0   ]
[0   ][-2  ][-5  ][-4  ][-4  ][1   ][-2  ][-4  ]
[4   ][-1  ][-28 ][-3  ][-2  ][-2  ][1   ][1   ]
[13  ][-3  ][-3  ][30  ][-7  ][-5  ][-4  ][14  ]
[-9  ][27  ][-78 ][-43 ][-1  ][-4  ][-8  ][1   ]
[-4  ][-28 ][-13 ][49  ][-6  ][-6  ][-5  ][23  ]
[-20 ][-24 ][-12 ][-16 ][-11 ][-10 ][2   ][-5  ]
[-13 ][35  ][38  ][63  ][2   ][-1  ][-3  ][-3  ]
[14  ][22  ][-80 ][-19 ][4   ][5   ][4   ][-4  ]
[8   ][2   ][-38 ][20  ][-6  ][0   ][2   ][5   ]
[-1  ][3   ][-34 ][72  ][14  ][7   ][4   ][8   ]
[11  ][27  ][113 ][41  ][6   ][3   ][-2  ][2   ]
[-5  ][53  ][32  ][-16 ][4   ][5   ][3   ][11  ]
[9   ][-37 ][64  ][81  ][13  ][9   ][0   ][8   ]
[-21 ][-47 ][7   ][28  ][-26 ][-17 ][-10 ][-9  ]
[-29 ][-20 ][-79 ][-56 ][-28 ][-20 ][-12 ][-11 ]
[1   ][0   ][72  ][127 ][24  ][14  ][3   ][4   ]
[0   ][-29 ][-22 ][-35 ][21  ][0   ][-2  ][0   ]
[-17 ][-98 ][80  ][-26 ][-46 ][-18 ][-10 ][-11 ]
[-10 ][98  ][127 ][121 ][-9  ][-20 ][-8  ][-7  ]
[12  ][-3  ][-8  ][73  ][-50 ][11  ][4   ][7   ]
[-31 ][18  ][34  ][-32 ][-55 ][-30 ][-15 ][-18 ]
[3   ][58  ][91  ][9   ][11  ][7   ][5   ][4   ]
[-16 ][-83 ][-87 ][-64 ][-48 ][-22 ][-14 ][-13 ]
[-13 ][-23 ][59  ][-56 ][32  ][4   ][0   ][-4  ]
[-4  ][1   ][-4  ][-113][92  ][7   ][-4  ][-9  ]
[5   ][5   ][-79 ][83  ][26  ][7   ][5   ][1   ]
[9   ][75  ][-60 ][-99 ][-65 ][-3  ][-2  ][3   ]
[37  ][33  ][23  ][-76 ][46  ][35  ][18  ][18  ]
[-28 ][-68 ][18  ][27  ][0   ][-22 ][-14 ][-18 ]
[3   ][0   ][2   ][25  ][-8  ][-3  ][0   ][0   ]
[0   ][-2  ][-25 ][13  ][-7  ][-3  ][2   ][-2  ]
[-1  ][-1  ][17  ][-5  ][-6  ][-5  ][-4  ][1   ]
[-2  ][1   ][0   ][9   ][6   ][6   ][3   ][32  ]
[5   ][-1  ][-4  ][-7  ][-2  ][-4  ][-5  ][0   ]
[2   ][0   ][1   ][3   ][1   ][1   ][7   ][1   ]
[2   ][-1  ][-3  ][-13 ][1   ][1   ][2   ][-2  ]
[-1  ][-2  ][-2  ][1   ][-4  ][-4  ][-2  ][-2  ]
[2   ][1   ][-1  ][0   ][-3  ][1   ][-1  ][-1  ]
[-1  ][1   ][-18 ][-14 ][0   ][4   ][-1  ][1   ]
[2   ][2   ][-25 ][0   ][1   ][0   ][5   ][-1  ]
[4   ][-2  ][-46 ][26  ][9   ][8   ][12  ][4   ]
[-8  ][45  ][-112][101 ][15  ][10  ][7   ][-6  ]
[17  ][4   ][-128][-121][13  ][10  ][7   ][11  ]
[-16 ][-12 ][62  ][2   ][-5  ][-7  ][-6  ][-5  ]
[8   ][6   ][-21 ][25  ][6   ][3   ][0   ][1   ]
[12  ][73  ][-23 ][-16 ][1   ][4   ][2   ][5   ]
[2   ][-27 ][8   ][35  ][4   ][-2  ][0   ][-1  ]
[-5  ][-6  ][7   ][58  ][-10 ][-10 ][-3  ][-2  ]
[-20 ][-31 ][-47 ][-102][-18 ][-14 ][-11 ][-13 ]
[-2  ][10  ][-15 ][-62 ][3   ][4   ][-2  ][-2  ]
[-22 ][-12 ][66  ][34  ][-11 ][-15 ][-8  ][-8  ]
[-1  ][-4  ][21  ][-50 ][2   ][1   ][-2  ][-2  ]
[-19 ][-35 ][30  ][65  ][-10 ][-12 ][-6  ][-6  ]
[-18 ][-37 ][87  ][72  ][-25 ][-18 ][-11 ][-11 ]
[-5  ][-12 ][-109][-20 ][-23 ][-10 ][-4  ][-3  ]
[5   ][-3  ][83  ][39  ][6   ][4   ][3   ][2   ]
[2   ][1   ][26  ][10  ][4   ][2   ][-1  ][-1  ]
[-18 ][-23 ][-31 ][4   ][-9  ][-10 ][-6  ][-6  ]
[1   ][12  ][62  ][32  ][-10 ][-13 ][-3  ][-4  ]
[2   ][28  ][-24 ][-45 ][13  ][5   ][6   ][5   ]
[5   ][-26 ][63  ][-13 ][17  ][8   ][5   ][4   ]
[-10 ][-35 ][-77 ][-81 ][-23 ][-10 ][-6  ][-7  ]
[-38 ][-56 ][-87 ][61  ][-12 ][-26 ][-17 ][-17 ]
[25  ][95  ][-128][113 ][61  ][29  ][13  ][14  ]
[7   ][-8  ][-118][-26 ][53  ][23  ][13  ][10  ]
[4   ][-5  ][122 ][32  ][1   ][-2  ][-2  ][0   ]
[-15 ][-36 ][127 ][127 ][-29 ][-7  ][-4  ][-7  ]
[11  ][10  ][-36 ][75  ][28  ][9   ][1   ][0   ]
[-8  ][-64 ][37  ][60  ][56  ][5   ][0   ][-4  ]
[26  ][127 ][-67 ][-37 ][-52 ][1   ][3   ][10  ]
[-16 ][-2  ][-97 ][-78 ][-63 ][-11 ][-4  ][-3  ]
[51  ][63  ][-128][53  ][30  ][40  ][25  ][27  ]
[5   ][33  ][56  ][30  ][-46 ][11  ][7   ][5   ]
[-22 ][-48 ][-5  ][0   ][102 ][-11 ][-6  ][-10 ]
[-25 ][-76 ][-42 ][93  ][-111][-19 ][-10 ][-7  ]
[-12 ][-54 ][41  ][-128][-16 ][2   ][-2  ][-6  ]
[-24 ][-90 ][9   ][-43 ][-38 ][-13 ][-13 ][-18 ]
[-37 ][0   ][-64 ][-58 ][-27 ][-19 ][-9  ][-16 ]
[16  ][21  ][-77 ][-105][-49 ][-9  ][-1  ][2   ]
[0   ][-6  ][-47 ][-44 ][10  ][3   ][-1  ][2   ]
[-1  ][-7  ][27  ][-27 ][13  ][-2  ][-2  ][-3  ]
[2   ][-4  ][-1  ][-2  ][-4  ][-10 ][-8  ][-16 ]
[6   ][-1  ][-1  ][6   ][-1  ][5   ][2   ][-34 ]
[-1  ][-2  ][-2  ][-3  ][-3  ][-5  ][-1  ][3   ]
[2   ][-1  ][1   ][-1  ][-1  ][0   ][-4  ][1   ]
[2   ][2   ][-3  ][-2  ][-4  ][-7  ][0   ][-2  ]
[-2  ][0   ][0   ][1   ][1   ][5   ][1   ][1   ]
[-1  ][2   ][2   ][2   ][-2  ][-3  ][-4  ][-2  ]
[-5  ][2   ][0   ][-3  ][-5  ][2   ][-1  ][-2  ]
[2   ][3   ][-1  ][-2  ][2   ][-4  ][-5  ][-2  ]
[-3  ][0   ][-3  ][0   ][0   ][0   ][-4  ][-1  ]
[-4  ][-1  ][-3  ][-5  ][-5  ][-4  ][-2  ][0   ]
[-3  ][-3  ][-3  ][-2  ][-3  ][-6  ][-1  ][-3  ]
[-5  ][-5  ][-3  ][-16 ][-6  ][-8  ][-7  ][1   ]
[-51 ][-13 ][-8  ][24  ][0   ][-2  ][23  ][-5  ]
[5   ][36  ][5   ][4   ][0   ][13  ][40  ][32  ]
[-1  ][-5  ][31  ][-5  ][-6  ][-15 ][-43 ][-13 ]
[6   ][-3  ][4   ][4   ][0   ][-2  ][0   ][3   ]
[0   ][-2  ][-17 ][-2  ][-1  ][3   ][-8  ][-1  ]
[10  ][-9  ][-10 ][4   ][6   ][23  ][10  ][4   ]
[1   ][-11 ][-6  ][-1  ][2   ][19  ][30  ][-7  ]
[22  ][-4  ][20  ][12  ][3   ][3   ][29  ][5   ]
[3   ][61  ][12  ][19  ][5   ][5   ][40  ][3   ]
[20  ][27  ][40  ][13  ][2   ][12  ][57  ][-8  ]
[0   ][-19 ][-46 ][-5  ][0   ][-8  ][-63 ][-12 ]
[6   ][48  ][-57 ][-9  ][-3  ][15  ][44  ][-8  ]
[-7  ][-10 ][20  ][-11 ][-7  ][-7  ][31  ][24  ]
[-10 ][-5  ][57  ][25  ][15  ][18  ][29  ][13  ]
[19  ][8   ][-53 ][-11 ][8   ][40  ][25  ][7   ]
[-24 ][20  ][27  ][4   ][3   ][11  ][11  ][-22 ]
[-1  ][92  ][46  ][6   ][8   ][19  ][54  ][43  ]
[-17 ][-11 ][52  ][12  ][8   ][17  ][9   ][-35 ]
[-14 ][-74 ][-74 ][-9  ][8   ][-2  ][24  ][-72 ]
[-36 ][-89 ][-48 ][-4  ][6   ][36  ][-22 ][-7  ]
[9   ][-74 ][-33 ][-11 ][-3  ][-5  ][4   ][1   ]
[2   ][104 ][10  ][2   ][-3  ][30  ][90  ][-2  ]
[2   ][36  ][-32 ][-24 ][-4  ][-45 ][-37 ][-32 ]
[-21 ][48  ][-27 ][20  ][-5  ][-16 ][-61 ][9   ]
[-23 ][12  ][-25 ][-39 ][3   ][13  ][-46 ][-7  ]
[6   ][-18 ][-30 ][1   ][-6  ][3   ][39  ][38  ]
[3   ][7   ][-7  ][2   ][-1  ][0   ][-20 ][-9  ]
[1   ][18  ][32  ][16  ][15  ][-1  ][-20 ][-2  ]
[0   ][-11 ][55  ][6   ][-8  ][3   ][36  ][0   ]
[-1  ][-3  ][-9  ][-4  ][-5  ][10  ][-5  ][-4  ]
[-2  ][0   ][-10 ][-12 ][3   ][-4  ][1   ][1   ]
[-2  ][-2  ][11  ][-4  ][-4  ][17  ][10  ][0   ]
[-3  ][-1  ][-5  ][-3  ][2   ][-3  ][-5  ][0   ]
[0   ][2   ][-3  ][-6  ][-7  ][-3  ][3   ][0   ]
[2   ][1   ][-1  ][-2  ][-3  ][1   ][3   ][-2  ]
[0   ][-2  ][11  ][4   ][0   ][-4  ][0   ][0   ]
[0   ][1   ][2   ][-20 ][-4  ][1   ][-2  ][0   ]
[0   ][1   ][2   ][-7  ][-6  ][-5  ][-2  ][-2  ]
[-3  ][-1  ][-8  ][13  ][2   ][-1  ][1   ][-1  ]
[-1  ][0   ][9   ][21  ][11  ][-3  ][-2  ][-1  ]
[-1  ][-2  ][11  ][4   ][-4  ][0   ][1   ][-2  ]
[-3  ][-1  ][11  ][8   ][-6  ][-4  ][-2  ][-2  ]
[0   ][0   ][-8  ][-4  ][2   ][-3  ][-4  ][-1  ]
[-1  ][-1  ][1   ][3   ][-15 ][-10 ][0   ][-2  ]
[-1  ][-5  ][-5  ][-6  ][-1  ][-7  ][-12 ][-2  ]
[-2  ][-2  ][-14 ][-9  ][-1  ][-11 ][-4  ][-1  ]
[-1  ][-1  ][-2  ][-10 ][-8  ][4   ][-3  ][-1  ]
[0   ][0   ][-7  ][-10 ][-2  ][2   ][-1  ][0   ]
[-1  ][-1  ][-8  ][-5  ][-7  ][-1  ][-3  ][-2  ]
[-1  ][-1  ][16  ][-3  ][3   ][0   ][-2  ][-1  ]
[-1  ][-1  ][-3  ][4   ][-5  ][-5  ][-4  ][-2  ]
[0   ][-1  ][7   ][1   ][-4  ][-3  ][-1  ][-1  ]
[-2  ][0   ][9   ][-11 ][-5  ][-2  ][-2  ][-2  ]
[1   ][2   ][-1  ][14  ][13  ][3   ][0   ][0   ]
[6   ][-3  ][-2  ][-1  ][-7  ][2   ][1   ][0   ]
[0   ][0   ][-3  ][0   ][-3  ][1   ][1   ][-2  ]
[-14 ][2   ][0   ][-5  ][2   ][-1  ][-5  ][-2  ]
[15  ][9   ][-3  ][4   ][-3  ][-5  ][-3  ][-2  ]
[17  ][7   ][9   ][0   ][-3  ][-3  ][-3  ][1   ]
[5   ][-1  ][1   ][2   ][9   ][-4  ][-1  ][0   ]
[9   ][16  ][1   ][-2  ][3   ][2   ][-2  ][2   ]
[-10 ][-7  ][7   ][18  ][1   ][2   ][1   ][4   ]
[-10 ][7   ][-1  ][3   ][5   ][1   ][2   ][1   ]
[-15 ][-3  ][3   ][6   ][-1  ][-3  ][-6  ][-3  ]
[-12 ][-6  ][0   ][-20 ][4   ][3   ][2   ][11  ]
[52  ][5   ][1   ][-10 ][3   ][1   ][-4  ][5   ]
[-40 ][-12 ][-19 ][5   ][-4  ][0   ][-4  ][-13 ]
[-33 ][1   ][1   ][-3  ][-10 ][4   ][24  ][6   ]
[19  ][-5  ][-10 ][-9  ][21  ][7   ][2   ][-11 ]
[23  ][-4  ][-9  ][-4  ][12  ][2   ][-12 ][-20 ]
[-19 ][-1  ][5   ][-5  ][3   ][-1  ][-6  ][5   ]
[14  ][-4  ][-3  ][-35 ][-2  ][-3  ][-1  ][16  ]
[-36 ][1   ][4   ][11  ][9   ][6   ][6   ][-8  ]
[19  ][5   ][-2  ][1   ][12  ][2   ][12  ][17  ]
[-14 ][0   ][-4  ][18  ][7   ][-9  ][-15 ][-27 ]
[-5  ][2   ][5   ][-1  ][-1  ][-3  ][-18 ][-1  ]
[1   ][-2  ][-15 ][-28 ][-3  ][-4  ][-6  ][6   ]
[14  ][27  ][9   ][34  ][-1  ][-7  ][-26 ][1   ]
[59  ][19  ][10  ][-7  ][11  ][7   ][-1  ][19  ]
[25  ][-5  ][15  ][12  ][0   ][-4  ][-17 ][-12 ]
[-8  ][38  ][-2  ][-24 ][-1  ][1   ][49  ][72  ]
[48  ][-78 ][-16 ][-43 ][-8  ][-2  ][32  ][59  ]
[9   ][113 ][12  ][79  ][-23 ][-8  ][-28 ][-16 ]
[26  ][35  ][-39 ][35  ][-18 ][4   ][33  ][99  ]
[23  ][42  ][21  ][20  ][-19 ][6   ][82  ][92  ]
[99  ][28  ][17  ][20  ][-5  ][0   ][17  ][21  ]
[-58 ][-33 ][-20 ][-85 ][17  ][-5  ][-87 ][-76 ]
[-5  ][58  ][21  ][23  ][10  ][16  ][127 ][107 ]
[1   ][83  ][66  ][42  ][-15 ][0   ][-28 ][-38 ]
[36  ][-4  ][43  ][30  ][-33 ][15  ][67  ][72  ]
[80  ][117 ][57  ][7   ][10  ][11  ][56  ][-72 ]
[-29 ][-8  ][-84 ][82  ][-20 ][3   ][-95 ][-109]
[-102][-128][-21 ][66  ][-42 ][-3  ][-72 ][-39 ]
[-20 ][8   ][-38 ][21  ][-85 ][-33 ][-68 ][-62 ]
[87  ][100 ][18  ][8   ][53  ][31  ][75  ][20  ]
[-25 ][46  ][-8  ][-78 ][107 ][-12 ][3   ][1   ]
[-93 ][-43 ][-42 ][64  ][-4  ][60  ][92  ][30  ]
[87  ][70  ][-5  ][1   ][10  ][11  ][54  ][5   ]
[83  ][7   ][8   ][7   ][-54 ][-24 ][-36 ][13  ]
[59  ][20  ][5   ][47  ][-53 ][-17 ][-64 ][-68 ]
[51  ][-25 ][13  ][-15 ][63  ][13  ][10  ][54  ]
[19  ][-73 ][-30 ][-13 ][-11 ][23  ][-16 ][-38 ]
[-2  ][-49 ][3   ][-5  ][-10 ][4   ][55  ][19  ]
[18  ][18  ][-42 ][4   ][-17 ][5   ][2   ][9   ]
[-5  ][-44 ][98  ][4   ][-8  ][7   ][1   ][17  ]
[9   ][1   ][-6  ][7   ][1   ][-8  ][-7  ][0   ]
[11  ][1   ][-1  ][9   ][1   ][2   ][3   ][3   ]
[-25 ][-30 ][-39 ][-7  ][2   ][-3  ][12  ][-23 ]
[19  ][-7  ][-50 ][-11 ][-4  ][-1  ][1   ][-8  ]
[2   ][-3  ][-16 ][-3  ][-2  ][-6  ][-24 ][-2  ]
[-8  ][37  ][37  ][35  ][-5  ][0   ][4   ][0   ]
[-8  ][-8  ][-3  ][-22 ][-4  ][0   ][1   ][-4  ]
[15  ][-12 ][-9  ][2   ][0   ][9   ][16  ][5   ]
[-22 ][6   ][-2  ][22  ][2   ][0   ][-2  ][-11 ]
[-4  ][-7  ][0   ][19  ][-3  ][-2  ][9   ][-3  ]
[1   ][5   ][56  ][17  ][2   ][1   ][-14 ][-2  ]
[9   ][14  ][6   ][-15 ][-4  ][-3  ][-25 ][-1  ]
[-3  ][21  ][45  ][9   ][-1  ][2   ][-4  ][-1  ]
[3   ][18  ][10  ][27  ][6   ][6   ][23  ][5   ]
[-3  ][-1  ][8   ][5   ][-1  ][-4  ][-28 ][-2  ]
[13  ][-20 ][-15 ][9   ][-6  ][-2  ][-7  ][-13 ]
[0   ][62  ][42  ][23  ][-8  ][-8  ][-3  ][1   ]
[-2  ][-13 ][7   ][3   ][0   ][7   ][13  ][2   ]
[-4  ][-8  ][12  ][-4  ][-7  ][-5  ][35  ][-1  ]
[1   ][-16 ][1   ][-2  ][-4  ][3   ][14  ][-2  ]
[-4  ][-32 ][-7  ][-12 ][-2  ][2   ][23  ][-2  ]
[2   ][15  ][26  ][8   ][-4  ][-9  ][-27 ][-4  ]
[4   ][4   ][-6  ][-1  ][0   ][-12 ][-28 ][1   ]
[9   ][-3  ][-73 ][-8  ][-7  ][-6  ][-11 ][-1  ]
[-5  ][-30 ][1   ][7   ][-2  ][13  ][54  ][1   ]
[2   ][5   ][16  ][16  ][3   ][0   ][-19 ][0   ]
[5   ][1   ][-2  ][0   ][-1  ][0   ][-8  ][2   ]
[3   ][5   ][-7  ][5   ][3   ][1   ][-15 ][-4  ]
[11  ][46  ][14  ][-4  ][-3  ][-7  ][4   ][-1  ]
[-8  ][-14 ][6   ][-1  ][-4  ][0   ][1   ][0   ]
[0   ][-30 ][-53 ][-9  ][-1  ][6   ][15  ][1   ]
[-9  ][6   ][14  ][5   ][-2  ][6   ][31  ][-4  ]
[7   ][8   ][0   ][0   ][6   ][-1  ][4   ][4   ]
[3   ][-8  ][26  ][4   ][-2  ][-3  ][-5  ][0   ]
[6   ][-9  ][50  ][13  ][-1  ][0   ][3   ][-1  ]
[3   ][30  ][-1  ][2   ][-7  ][-3  ][1   ][-1  ]
[-1  ][-39 ][-21 ][-9  ][3   ][10  ][24  ][5   ]
[5   ][-9  ][-4  ][-1  ][-2  ][-5  ][-9  ][-2  ]
[-3  ][20  ][-21 ][0   ][5   ][-1  ][-24 ][-4  ]
[3   ][1   ][-15 ][-2  ][1   ][-3  ][-18 ][1   ]
[-4  ][-7  ][25  ][2   ][-2  ][0   ][-3  ][-6  ]
[-5  ][44  ][20  ][8   ][7   ][10  ][3   ][1   ]
[12  ][63  ][-13 ][4   ][-1  ][-7  ][-6  ][-3  ]
[6   ][-23 ][-28 ][-12 ][-5  ][-4  ][-30 ][-5  ]
[0   ][-16 ][-7  ][-25 ][-4  ][2   ][13  ][1   ]
[-7  ][-9  ][23  ][35  ][1   ][-10 ][-10 ][-1  ]
[-4  ][0   ][33  ][-14 ][-2  ][-3  ][-8  ][0   ]
[0   ][2   ][-14 ][-41 ][-7  ][-8  ][-30 ][-3  ]
[-3  ][0   ][-30 ][6   ][0   ][4   ][8   ][1   ]
[3   ][2   ][51  ][8   ][1   ][-1  ][-2  ][-2  ]
