[-1  ][2   ][-14 ][-10 ][3   ][1   ][1   ][2   ]
[3   ][1   ][33  ][1   ][-4  ][-4  ][-3  ][-3  ]
[-4  ][-5  ][-36 ][-21 ][-5  ][0   ][-2  ][2   ]
[1   ][0   ][-18 ][14  ][0   ][0   ][0   ][-3  ]
[8   ][1   ][26  ][18  ][3   ][1   ][1   ][0   ]
[-26 ][-1  ][28  ][8   ][0   ][-1  ][2   ][-7  ]
[1   ][-3  ][8   ][11  ][-2  ][-1  ][-2  ][-2  ]
[-6  ][2   ][-7  ][-9  ][-2  ][-4  ][-1  ][-6  ]
[-5  ][2   ][-12 ][0   ][0   ][-1  ][0   ][3   ]
[-1  ][-2  ][-8  ][14  ][-5  ][-3  ][-3  ][-1  ]
[-3  ][-2  ][-49 ][-6  ][-1  ][1   ][-2  ][-4  ]
[9   ][0   ][-18 ][9   ][-2  ][-2  ][-1  ][2   ]
[-7  ][-1  ][-21 ][-9  ][1   ][-1  ][-1  ][-2  ]
[-5  ][-4  ][16  ][-18 ][-2  ][-2  ][-1  ][-3  ]
[-2  ][-2  ][3   ][2   ][-3  ][0   ][0   ][-1  ]
[-3  ][1   ][-11 ][2   ][0   ][0   ][0   ][-1  ]
[-2  ][-2  ][-13 ][8   ][-2  ][-2  ][-4  ][1   ]
[3   ][4   ][36  ][-1  ][3   ][-1  ][-2  ][1   ]
[5   ][2   ][1   ][7   ][2   ][1   ][2   ][-2  ]
[1   ][-4  ][20  ][7   ][0   ][0   ][1   ][0   ]
[1   ][0   ][-11 ][-1  ][-3  ][-3  ][-1  ][-4  ]
[3   ][3   ][13  ][1   ][3   ][2   ][1   ][0   ]
[-2  ][-2  ][-30 ][4   ][3   ][1   ][2   ][2   ]
[-3  ][-4  ][24  ][17  ][-5  ][-3  ][0   ][-3  ]
[3   ][-4  ][-58 ][-10 ][3   ][-1  ][-1  ][-1  ]
[-3  ][-7  ][23  ][12  ][3   ][-3  ][-2  ][-2  ]
[6   ][7   ][0   ][-8  ][2   ][5   ][3   ][7   ]
[-2  ][-4  ][1   ][4   ][-5  ][-1  ][0   ][-3  ]
[-2  ][-15 ][-20 ][-2  ][4   ][-2  ][-3  ][-3  ]
[-5  ][1   ][41  ][1   ][1   ][-1  ][-2  ][-2  ]
[0   ][-4  ][-48 ][-13 ][-4  ][-1  ][0   ][-1  ]
[-2  ][2   ][-11 ][-8  ][-2  ][-1  ][0   ][0   ]
[-3  ][-1  ][22  ][-7  ][3   ][0   ][0   ][-3  ]
[3   ][-5  ][15  ][-1  ][-5  ][-2  ][4   ][5   ]
[-3  ][8   ][-18 ][-7  ][0   ][-3  ][-5  ][-4  ]
[-4  ][2   ][1   ][9   ][4   ][1   ][-2  ][1   ]
[3   ][-13 ][-7  ][-10 ][-2  ][-1  ][6   ][5   ]
[-2  ][0   ][-25 ][1   ][2   ][1   ][-3  ][-4  ]
[1   ][1   ][-5  ][2   ][3   ][0   ][0   ][0   ]
[-2  ][-2  ][42  ][3   ][4   ][-3  ][-8  ][-2  ]
[0   ][2   ][-25 ][-27 ][-7  ][-1  ][1   ][-1  ]
[-1  ][-3  ][-11 ][-48 ][19  ][3   ][-2  ][-2  ]
[-1  ][-6  ][22  ][16  ][-11 ][-9  ][-7  ][-3  ]
[-12 ][-4  ][-8  ][-25 ][-89 ][-13 ][-3  ][-3  ]
[85  ][114 ][49  ][116 ][118 ][33  ][35  ][72  ]
[-58 ][-23 ][-8  ][-40 ][-10 ][3   ][11  ][6   ]
[-5  ][-3  ][7   ][1   ][-48 ][-8  ][18  ][1   ]
[1   ][-101][-75 ][-35 ][97  ][-17 ][-99 ][-99 ]
[6   ][95  ][68  ][-67 ][-128][14  ][41  ][11  ]
[28  ][-128][-39 ][51  ][22  ][-5  ][-47 ][-62 ]
[24  ][87  ][123 ][54  ][35  ][-12 ][2   ][-8  ]
[14  ][-62 ][-31 ][-111][-7  ][-35 ][-3  ][32  ]
[-9  ][-36 ][43  ][-108][-117][-19 ][-64 ][-38 ]
[-19 ][-49 ][-26 ][-48 ][73  ][25  ][24  ][49  ]
[-59 ][-1  ][127 ][0   ][-43 ][-1  ][7   ][0   ]
[4   ][86  ][-70 ][-16 ][-5  ][9   ][13  ][7   ]
[17  ][-24 ][99  ][3   ][10  ][-1  ][-14 ][-15 ]
[-36 ][-2  ][127 ][3   ][13  ][7   ][-24 ][-7  ]
[2   ][-2  ][-63 ][5   ][3   ][11  ][10  ][-7  ]
[-2  ][0   ][-1  ][2   ][-2  ][-5  ][-1  ][0   ]
[-7  ][-20 ][-3  ][-11 ][-3  ][-5  ][-8  ][-2  ]
[-1  ][-2  ][-1  ][-3  ][-3  ][-1  ][5   ][3   ]
[-1  ][6   ][-2  ][6   ][-1  ][0   ][-5  ][-1  ]
[7   ][2   ][1   ][0   ][-2  ][-3  ][-3  ][-2  ]
[-8  ][-5  ][-1  ][5   ][-6  ][-2  ][-2  ][-2  ]
[1   ][0   ][-6  ][-3  ][-10 ][-3  ][-4  ][-2  ]
[4   ][-3  ][-1  ][12  ][18  ][-2  ][0   ][0   ]
[9   ][-1  ][-1  ][13  ][2   ][-4  ][-4  ][-1  ]
[-6  ][-5  ][-2  ][8   ][-9  ][-3  ][-3  ][-2  ]
[9   ][4   ][2   ][30  ][8   ][4   ][0   ][1   ]
[6   ][-11 ][2   ][-34 ][-17 ][-3  ][-5  ][-6  ]
[-6  ][1   ][-1  ][1   ][11  ][-2  ][-1  ][-1  ]
[13  ][3   ][0   ][-1  ][3   ][-3  ][0   ][1   ]
[4   ][-3  ][-3  ][-20 ][-10 ][-2  ][-2  ][-1  ]
[7   ][-3  ][-6  ][14  ][55  ][9   ][1   ][0   ]
[-28 ][2   ][-4  ][-10 ][-5  ][-1  ][-1  ][-1  ]
[-8  ][-17 ][46  ][-57 ][-63 ][-12 ][-7  ][-7  ]
[-17 ][-36 ][53  ][66  ][-67 ][-8  ][-3  ][-5  ]
[9   ][27  ][10  ][34  ][85  ][7   ][7   ][7   ]
[14  ][38  ][-31 ][-70 ][-20 ][6   ][5   ][5   ]
[-20 ][-7  ][39  ][96  ][-22 ][-11 ][-6  ][-3  ]
[-3  ][-5  ][-44 ][127 ][22  ][17  ][-6  ][-8  ]
[12  ][-70 ][20  ][-35 ][-15 ][-13 ][-19 ][-19 ]
[6   ][-21 ][32  ][9   ][17  ][15  ][8   ][8   ]
[25  ][-3  ][-24 ][-42 ][32  ][11  ][22  ][31  ]
[-8  ][32  ][38  ][-59 ][-65 ][-25 ][-16 ][8   ]
[21  ][-3  ][-29 ][-12 ][72  ][7   ][-24 ][-83 ]
[-30 ][-22 ][20  ][87  ][35  ][-1  ][1   ][24  ]
[35  ][26  ][-8  ][115 ][77  ][10  ][2   ][26  ]
[-16 ][-45 ][-51 ][-75 ][18  ][3   ][2   ][-5  ]
[-17 ][-12 ][31  ][21  ][11  ][4   ][-1  ][-6  ]
[-5  ][-7  ][127 ][11  ][-4  ][-3  ][-5  ][-10 ]
[18  ][9   ][38  ][8   ][3   ][15  ][14  ][8   ]
[7   ][8   ][-88 ][-18 ][1   ][-1  ][-1  ][4   ]
[-16 ][15  ][-8  ][-4  ][12  ][2   ][5   ][-5  ]
[-7  ][-14 ][-26 ][-2  ][-12 ][-11 ][-9  ][1   ]
[2   ][-11 ][-14 ][-1  ][1   ][3   ][-2  ][2   ]
[-8  ][5   ][37  ][-3  ][0   ][-3  ][15  ][-5  ]
[3   ][6   ][-44 ][35  ][2   ][-5  ][-4  ][2   ]
[-4  ][-6  ][31  ][22  ][-2  ][-4  ][-5  ][-8  ]
[5   ][5   ][-41 ][7   ][-6  ][-2  ][-3  ][4   ]
[6   ][-1  ][-21 ][-12 ][2   ][5   ][1   ][-7  ]
[-10 ][-6  ][-25 ][10  ][2   ][-3  ][-8  ][4   ]
[0   ][0   ][38  ][15  ][-1  ][-1  ][-3  ][-3  ]
[15  ][2   ][11  ][36  ][-3  ][-3  ][1   ][7   ]
[5   ][-3  ][18  ][-20 ][-2  ][2   ][3   ][4   ]
[0   ][4   ][5   ][6   ][4   ][2   ][3   ][1   ]
[-4  ][-9  ][-36 ][15  ][-3  ][-2  ][-1  ][2   ]
[9   ][5   ][-2  ][-1  ][1   ][0   ][1   ][-3  ]
[1   ][2   ][42  ][21  ][7   ][0   ][2   ][0   ]
[-8  ][5   ][7   ][15  ][1   ][2   ][-3  ][-13 ]
[-22 ][-2  ][-5  ][4   ][0   ][0   ][2   ][3   ]
[9   ][2   ][11  ][-14 ][4   ][2   ][4   ][2   ]
[-8  ][0   ][16  ][7   ][1   ][-1  ][-3  ][-8  ]
[-1  ][-2  ][-17 ][-2  ][1   ][1   ][0   ][0   ]
[-12 ][0   ][65  ][8   ][4   ][1   ][-4  ][-8  ]
[5   ][-5  ][1   ][-21 ][-4  ][-3  ][-3  ][4   ]
[3   ][0   ][-34 ][-16 ][-1  ][0   ][-1  ][-4  ]
[1   ][-1  ][22  ][-7  ][-3  ][-1  ][3   ][-1  ]
[0   ][0   ][-2  ][-13 ][-1  ][0   ][1   ][0   ]
[3   ][2   ][-5  ][13  ][2   ][1   ][-5  ][1   ]
[-1  ][0   ][15  ][27  ][2   ][0   ][2   ][-2  ]
[-2  ][-3  ][3   ][-16 ][-5  ][-2  ][-2  ][-1  ]
[-34 ][-1  ][-9  ][10  ][-1  ][-1  ][2   ][-5  ]
[6   ][2   ][9   ][6   ][6   ][2   ][-2  ][-1  ]
[3   ][-3  ][43  ][8   ][-4  ][-2  ][0   ][1   ]
[-1  ][-2  ][36  ][18  ][-3  ][-2  ][-1  ][0   ]
[9   ][3   ][26  ][-1  ][3   ][0   ][0   ][4   ]
[5   ][1   ][-13 ][-7  ][2   ][-1  ][1   ][0   ]
[2   ][-5  ][24  ][1   ][-5  ][-2  ][-3  ][-1  ]
[7   ][2   ][-1  ][24  ][-2  ][-1  ][-2  ][1   ]
[1   ][4   ][6   ][3   ][3   ][1   ][-1  ][1   ]
[-5  ][-8  ][12  ][31  ][-5  ][-2  ][-3  ][-3  ]
[1   ][8   ][48  ][64  ][16  ][3   ][-1  ][0   ]
[-35 ][-34 ][-29 ][-55 ][-25 ][-11 ][-6  ][-10 ]
[9   ][-18 ][-18 ][24  ][-112][-11 ][0   ][1   ]
[1   ][6   ][24  ][-47 ][-82 ][-14 ][-3  ][2   ]
[-14 ][-49 ][66  ][-97 ][-118][-14 ][-4  ][-5  ]
[-5  ][-22 ][-35 ][-89 ][-9  ][-13 ][-6  ][-4  ]
[4   ][-56 ][0   ][102 ][-2  ][-7  ][-8  ][-2  ]
[23  ][11  ][75  ][116 ][-29 ][0   ][2   ][5   ]
[1   ][-101][-46 ][48  ][-64 ][-11 ][-8  ][-8  ]
[-9  ][-85 ][12  ][-71 ][32  ][-7  ][-7  ][-9  ]
[0   ][24  ][47  ][22  ][75  ][9   ][4   ][3   ]
[-4  ][-18 ][19  ][12  ][60  ][6   ][1   ][-4  ]
[9   ][0   ][49  ][93  ][56  ][27  ][13  ][5   ]
[29  ][61  ][-41 ][-17 ][-2  ][-9  ][-4  ][4   ]
[17  ][-4  ][-9  ][-3  ][34  ][-2  ][-1  ][0   ]
[-5  ][-26 ][-64 ][40  ][47  ][11  ][6   ][2   ]
[-5  ][-23 ][-51 ][-35 ][-18 ][1   ][-2  ][-3  ]
[4   ][1   ][22  ][-21 ][-1  ][1   ][1   ][3   ]
[32  ][-4  ][-5  ][20  ][5   ][-1  ][0   ][17  ]
[-7  ][-2  ][31  ][-5  ][6   ][1   ][-1  ][-2  ]
[-1  ][-6  ][29  ][-8  ][-8  ][-5  ][-3  ][-7  ]
[-3  ][3   ][-15 ][6   ][-7  ][-5  ][-3  ][0   ]
[-6  ][-5  ][27  ][19  ][1   ][-4  ][-6  ][-4  ]
[-1  ][0   ][1   ][-9  ][-3  ][-2  ][4   ][3   ]
[-10 ][2   ][23  ][35  ][0   ][-2  ][10  ][-7  ]
[4   ][3   ][-9  ][-21 ][-1  ][0   ][-6  ][15  ]
[1   ][-9  ][-47 ][44  ][-6  ][-6  ][-6  ][-5  ]
[-3  ][10  ][55  ][-21 ][5   ][6   ][13  ][1   ]
[0   ][1   ][1   ][27  ][-22 ][-3  ][-1  ][-1  ]
[-2  ][-2  ][-90 ][-17 ][-13 ][-4  ][0   ][-2  ]
[8   ][101 ][13  ][-53 ][-8  ][-14 ][-5  ][-2  ]
[-10 ][-40 ][23  ][-70 ][-16 ][3   ][-5  ][-7  ]
[20  ][14  ][-5  ][66  ][-3  ][2   ][-2  ][1   ]
[11  ][-10 ][47  ][9   ][51  ][7   ][6   ][1   ]
[-3  ][-65 ][9   ][-42 ][127 ][23  ][2   ][0   ]
[5   ][30  ][40  ][104 ][43  ][9   ][3   ][2   ]
[12  ][-47 ][-79 ][-87 ][-107][-14 ][-12 ][-8  ]
[-8  ][-74 ][48  ][-28 ][-99 ][-23 ][-14 ][-5  ]
[0   ][-81 ][21  ][-34 ][-90 ][-9  ][-6  ][-1  ]
[-75 ][-80 ][-41 ][-71 ][-85 ][-27 ][-15 ][-19 ]
[25  ][17  ][27  ][-52 ][58  ][31  ][9   ][3   ]
[35  ][3   ][-6  ][-2  ][-3  ][-11 ][-4  ][4   ]
[3   ][-15 ][-21 ][-55 ][7   ][-9  ][-1  ][-1  ]
[0   ][-16 ][16  ][76  ][-4  ][2   ][-1  ][0   ]
[4   ][-44 ][-1  ][10  ][-19 ][-7  ][-6  ][-1  ]
[3   ][59  ][-18 ][-14 ][-39 ][-18 ][-5  ][0   ]
[-7  ][4   ][-5  ][-98 ][-100][-28 ][-13 ][-7  ]
[7   ][3   ][19  ][29  ][18  ][0   ][-5  ][-4  ]
[4   ][-14 ][-4  ][6   ][-1  ][1   ][0   ][-4  ]
[6   ][19  ][15  ][43  ][-3  ][-12 ][-20 ][-11 ]
[-13 ][-30 ][-18 ][76  ][64  ][14  ][4   ][-10 ]
[9   ][12  ][42  ][43  ][29  ][7   ][7   ][4   ]
[-6  ][-9  ][47  ][35  ][28  ][2   ][2   ][5   ]
[1   ][-5  ][-112][-44 ][-5  ][-2  ][-4  ][-3  ]
[11  ][37  ][-20 ][-42 ][9   ][7   ][-4  ][2   ]
[-4  ][-75 ][48  ][-2  ][-1  ][-1  ][-10 ][-6  ]
[-33 ][-17 ][-12 ][4   ][-1  ][2   ][1   ][-12 ]
[-7  ][-28 ][-90 ][-21 ][0   ][2   ][3   ][5   ]
[14  ][-10 ][69  ][10  ][-3  ][-2  ][-3  ][-1  ]
[8   ][0   ][-37 ][1   ][0   ][-5  ][1   ][-7  ]
[11  ][-9  ][37  ][13  ][1   ][-1  ][1   ][11  ]
[-7  ][-14 ][26  ][8   ][0   ][-1  ][3   ][-4  ]
[-5  ][-1  ][-39 ][-18 ][-1  ][-1  ][-7  ][0   ]
[-4  ][-19 ][78  ][4   ][-10 ][-7  ][-8  ][2   ]
[-5  ][36  ][32  ][4   ][-4  ][-8  ][-18 ][0   ]
[2   ][11  ][26  ][18  ][0   ][1   ][2   ][-1  ]
[-2  ][-9  ][-9  ][0   ][1   ][-1  ][6   ][2   ]
[-4  ][-43 ][27  ][8   ][-5  ][-10 ][-14 ][9   ]
[1   ][-4  ][-7  ][-6  ][1   ][3   ][6   ][-2  ]
[9   ][5   ][-1  ][-6  ][-2  ][1   ][2   ][-1  ]
[-2  ][-8  ][-45 ][-52 ][-9  ][-4  ][-3  ][-2  ]
[-4  ][-13 ][-25 ][13  ][1   ][0   ][2   ][1   ]
[-7  ][-6  ][11  ][6   ][2   ][-2  ][-2  ][2   ]
[-3  ][-12 ][1   ][1   ][-6  ][-4  ][-4  ][-3  ]
[12  ][-2  ][4   ][-24 ][-1  ][3   ][3   ][10  ]
[-5  ][7   ][42  ][14  ][0   ][1   ][1   ][-4  ]
[-7  ][10  ][5   ][4   ][0   ][0   ][-1  ][-4  ]
[-5  ][-3  ][9   ][3   ][-2  ][-2  ][-1  ][-1  ]
[-28 ][2   ][-25 ][-6  ][-3  ][-1  ][-2  ][-8  ]
[1   ][7   ][-19 ][5   ][0   ][-2  ][4   ][0   ]
[-1  ][0   ][20  ][-3  ][-3  ][0   ][-3  ][-2  ]
[10  ][-2  ][-23 ][3   ][1   ][0   ][0   ][1   ]
[-7  ][-5  ][-29 ][-15 ][0   ][-2  ][1   ][-4  ]
[3   ][-14 ][-10 ][-1  ][-2  ][-2  ][-2  ][-1  ]
[0   ][-2  ][26  ][0   ][0   ][-1  ][-2  ][-3  ]
[3   ][0   ][-5  ][1   ][3   ][0   ][0   ][0   ]
[-3  ][-17 ][68  ][1   ][0   ][-2  ][-3  ][-1  ]
[6   ][15  ][65  ][12  ][1   ][0   ][0   ][2   ]
[3   ][-2  ][5   ][-8  ][-1  ][-2  ][-3  ][2   ]
[-6  ][-6  ][-16 ][-14 ][-3  ][-2  ][-3  ][9   ]
[-7  ][-11 ][-10 ][7   ][-4  ][-1  ][2   ][-4  ]
[6   ][0   ][34  ][53  ][-6  ][-3  ][0   ][-3  ]
[4   ][2   ][-12 ][6   ][-2  ][0   ][-2  ][2   ]
[5   ][-5  ][-6  ][-31 ][4   ][2   ][1   ][2   ]
