[0   ][1   ][1   ][-13 ][-2  ][-2  ][-3  ][-1  ]
[-3  ][2   ][-13 ][-6  ][1   ][-1  ][-3  ][-1  ]
[0   ][-1  ][-11 ][6   ][0   ][0   ][1   ][-1  ]
[-2  ][-2  ][21  ][22  ][-3  ][-2  ][-2  ][-2  ]
[-1  ][-1  ][15  ][-1  ][-2  ][0   ][0   ][-1  ]
[-1  ][0   ][19  ][16  ][1   ][1   ][-1  ][-1  ]
[-1  ][0   ][-4  ][-11 ][4   ][1   ][0   ][0   ]
[2   ][10  ][9   ][19  ][38  ][0   ][1   ][2   ]
[-3  ][2   ][-40 ][-32 ][-59 ][-7  ][-4  ][-5  ]
[6   ][0   ][-3  ][15  ][52  ][24  ][7   ][3   ]
[-3  ][9   ][48  ][-93 ][-125][-19 ][-5  ][-3  ]
[-14 ][-12 ][127 ][1   ][21  ][6   ][-1  ][-3  ]
[-2  ][-9  ][57  ][73  ][93  ][7   ][-1  ][-2  ]
[-6  ][-6  ][-21 ][-38 ][-14 ][-6  ][-1  ][-5  ]
[-1  ][-6  ][28  ][78  ][9   ][2   ][1   ][-4  ]
[-4  ][-6  ][42  ][-62 ][5   ][1   ][8   ][14  ]
[-5  ][16  ][23  ][9   ][3   ][2   ][-10 ][12  ]
[-8  ][12  ][40  ][42  ][0   ][-1  ][-2  ][-1  ]
[13  ][17  ][8   ][-3  ][-6  ][-6  ][0   ][-7  ]
[-5  ][-6  ][-29 ][-25 ][-4  ][-3  ][-2  ][-4  ]
[1   ][-10 ][-1  ][-8  ][9   ][3   ][4   ][4   ]
[6   ][-21 ][14  ][-7  ][-5  ][-1  ][-3  ][-10 ]
[1   ][-5  ][-1  ][-9  ][10  ][2   ][-4  ][0   ]
[0   ][5   ][-36 ][-13 ][-3  ][-2  ][-2  ][-2  ]
[-1  ][12  ][5   ][19  ][0   ][2   ][1   ][1   ]
[-1  ][3   ][-15 ][-5  ][-8  ][-4  ][-3  ][-1  ]
[-7  ][-22 ][-36 ][-4  ][-6  ][-5  ][-4  ][-5  ]
[-5  ][-19 ][10  ][-5  ][10  ][-3  ][-2  ][-4  ]
[3   ][-19 ][-26 ][-9  ][-2  ][-3  ][-2  ][1   ]
[4   ][23  ][-14 ][7   ][1   ][-1  ][2   ][1   ]
[-2  ][12  ][35  ][4   ][0   ][-2  ][-1  ][0   ]
[-4  ][25  ][16  ][7   ][6   ][0   ][-1  ][-2  ]
[-2  ][6   ][66  ][51  ][2   ][1   ][1   ][-1  ]
[-1  ][-7  ][-17 ][-31 ][-5  ][1   ][-1  ][-1  ]
[8   ][10  ][-14 ][19  ][5   ][2   ][-1  ][-1  ]
[-1  ][-1  ][-38 ][-22 ][-3  ][-2  ][-1  ][-5  ]
[-7  ][20  ][-12 ][15  ][-8  ][1   ][-1  ][-4  ]
[-2  ][-24 ][-19 ][-24 ][-11 ][-6  ][-3  ][-2  ]
[-6  ][-16 ][19  ][1   ][10  ][1   ][-3  ][-4  ]
[-3  ][-9  ][-69 ][2   ][-6  ][-3  ][-4  ][4   ]
[12  ][58  ][45  ][2   ][0   ][3   ][5   ][6   ]
[-1  ][-52 ][12  ][16  ][0   ][-1  ][-1  ][0   ]
[-1  ][3   ][6   ][16  ][5   ][0   ][-4  ][-2  ]
[-3  ][-2  ][-47 ][1   ][3   ][1   ][0   ][-3  ]
[6   ][-3  ][-53 ][6   ][0   ][-1  ][2   ][4   ]
[2   ][39  ][5   ][6   ][-3  ][-3  ][-6  ][0   ]
[-5  ][-16 ][-25 ][-4  ][2   ][0   ][1   ][2   ]
[2   ][20  ][-19 ][-8  ][-3  ][0   ][1   ][-2  ]
[7   ][-9  ][-3  ][-18 ][3   ][-1  ][-1  ][-3  ]
[0   ][-8  ][-101][-2  ][-3  ][-5  ][-3  ][-3  ]
